 Osu                       SWAT+ 2025-03-28        MODULAR Rev 2025.61.0.2.10-149-ga1c43a5                
  jday   mon   day    yr    unit  gis_id  name                  precip     snofall      snomlt    surq_gen        latq    wateryld        perc          et     ecanopy      eplant       esoil   surq_cont          cn     sw_init    sw_final      sw_ave      sw_300    sno_init   sno_final     snopack         pet       qtile         irr  surq_runon  latq_runon    overbank    surq_cha    surq_res     surq_ls    latq_cha    latq_res     latq_ls     gwsoilq       satex  satex_chan   sw_change     lagsurf     laglatq    lagsatex    wet_evap    wet_oflo    wet_stor   plant_cov       mgt_ops                    
                                                                  mm            mm          mm          mm          mm          mm          mm          mm          mm          mm          mm          mm         ---          mm          mm          mm          mm          mm          mm          mm          mm          mm          mm          mm          mm          mm          mm          mm          mm          mm          mm          mm          mm          mm          mm          mm          mm          mm          mm          mm          mm          mm
   365    12    31  2013       1       1  Osu                 1344.000      51.778      67.092     921.049       1.072     922.121     349.143     532.098       5.848     102.989     423.262     920.818       0.000     148.197     119.987     161.054      74.809      15.314       0.000       0.912     377.477       0.000     225.953       0.000       0.000       0.000     920.818       0.000       0.000       1.072       0.000       0.000       0.000       0.000       0.000     -28.210     995.316       3.816       0.000     198.740     920.818      23.496
   365    12    31  2014       1       1  Osu                 1318.000      47.500      46.553     900.883       0.976     901.859     329.442     498.520       9.283      93.727     395.511     900.799       0.000     119.987     134.109     141.892      58.213       0.000       0.947       0.427     356.653       0.000     239.786       0.000       0.000       0.000     900.799       0.000       0.000       0.976       0.000       0.000       0.000       0.000       0.000      14.122     973.524       3.474       0.000     176.934     900.799      24.258
   365    12    31  2015       1       1  Osu                  854.000      43.697      44.644     422.697       1.031     423.727     347.367     539.021       5.772     112.575     420.673     422.990       0.000     134.109     125.982     150.172      64.465       0.947       0.000       0.047     388.127       0.000     248.709       0.000       0.000       0.000     422.990       0.000       0.000       1.031       0.000       0.000       0.000       0.000       0.000      -8.127     456.780       3.668       0.000     194.596     422.990      21.673
   366    12    31  2016       1       1  Osu                 1033.000      37.885      37.885     569.400       1.018     570.418     347.826     556.991       5.610     129.988     421.392     569.190       0.000     125.982      85.321     143.448      57.330       0.000       0.000       0.134     409.210       0.000     206.094       0.000       0.000       0.000     569.190       0.000       0.000       1.018       0.000       0.000       0.000       0.000       0.000     -40.661     615.313       3.625       0.000     188.671     569.190      16.833
   365    12    31  2017       1       1  Osu                  689.000      10.823      10.823     351.396       0.847     352.243     277.864     527.477       6.728     109.795     410.955     351.330       0.000      85.321      98.887     119.659      48.636       0.000       0.000       0.031     410.806       0.000     308.354       0.000       0.000       0.000     351.330       0.000       0.000       0.847       0.000       0.000       0.000       0.000       0.000      13.566     379.730       3.015       0.000     167.166     351.330      23.091
   365    12    31  2018       1       1  Osu                 1360.000      28.862      28.799     885.028       0.995     886.023     334.209     575.519       3.545     130.878     441.096     885.008       0.000      98.887      98.613     146.271      62.449       0.000       0.000       0.044     421.587       0.000     231.439       0.000       0.000       0.000     885.008       0.000       0.000       0.995       0.000       0.000       0.000       0.000       0.000      -0.274     956.391       3.540       0.000     199.791     885.008      18.937
   365    12    31  2019       1       1  Osu                 1006.000      11.972      11.972     598.353       0.958     599.310     325.369     591.283       5.623     104.750     480.910     598.961       0.000      98.613      97.242     136.012      52.922       0.000       0.000       0.027     408.336       0.000     281.440       0.000       0.000       0.000     598.961       0.000       0.000       0.958       0.000       0.000       0.000       0.000       0.000      -1.371     646.600       3.408       0.000     223.210     598.961      24.828
   366    12    31  2020       1       1  Osu                 1646.000       6.000       6.000    1243.360       0.964    1244.324     332.182     551.855      10.455      97.576     443.824    1242.888       0.000      97.242      85.555     135.908      51.532       0.000       0.000       0.033     383.355       0.000     254.775       0.000       0.000       0.000    1242.888       0.000       0.000       0.964       0.000       0.000       0.000       0.000       0.000     -11.687    1343.616       3.429       0.000     204.334    1242.888      24.709
   365    12    31  2021       1       1  Osu                 1136.000      11.890      11.890     716.012       0.923     716.935     315.541     566.697       6.966     118.052     441.679     715.873       0.000      85.555      97.425     134.420      51.276       0.000       0.000       0.034     396.275       0.000     260.752       0.000       0.000       0.000     715.873       0.000       0.000       0.923       0.000       0.000       0.000       0.000       0.000      11.870     773.746       3.286       0.000     206.747     715.873      23.066
   365    12    31  2022       1       1  Osu                  782.000      45.681      45.618     376.155       0.903     377.057     302.644     593.440       6.905     106.859     479.676     376.348       0.000      97.425     118.679     127.417      50.766       0.000       0.000       0.274     423.563       0.000     299.668       0.000       0.000       0.000     376.348       0.000       0.000       0.903       0.000       0.000       0.000       0.000       0.000      21.254     406.485       3.212       0.000     206.936     376.348      21.560
   365    12    31  2023       1       1  Osu                 1804.000       7.943       3.647    1372.372       0.980    1373.352     328.390     518.829       8.598      87.712     422.519    1372.587       0.000     118.679     133.030     140.756      57.620       0.000       4.297       0.047     379.932       0.000     241.893       0.000       0.000       0.000    1372.587       0.000       0.000       0.980       0.000       0.000       0.000       0.000       0.000      14.351    1483.031       3.487       0.000     180.455    1372.586      25.019
