 Osu                       SWAT+ 2025-03-28        MODULAR Rev 2025.61.0.2.10-149-ga1c43a5                
       year      plant_no   plant_name       harv_area(ha)     yld(t)          yld(t/ha)      
        2010           1 rice140                                    10.00000       23.74749       2.374748    
        2011           1 rice140                                    10.00000       15.52272       1.552272    
        2012           1 rice140                                    10.00000       17.47641       1.747641    
        2013           1 rice140                                    10.00000       9.429094      0.9429094    
        2014           1 rice140                                    10.00000       17.28131       1.728131    
        2015           1 rice140                                    10.00000       16.23733       1.623733    
        2016           1 rice140                                    10.00000       12.76480       1.276480    
        2017           1 rice140                                    10.00000       25.23067       2.523067    
        2018           1 rice140                                    10.00000       10.66487       1.066487    
        2019           1 rice140                                    10.00000       20.46476       2.046476    
        2020           1 rice140                                    10.00000       17.95784       1.795784    
        2021           1 rice140                                    10.00000       18.00054       1.800054    
        2022           1 rice140                                    10.00000       23.58685       2.358684    
        2023           1 rice140                                    10.00000       18.99706       1.899706    
